1747 196
0 -1
72 0 1
80 0 1
83 0 1
107 0 -1
109 0 1
116 0 -1
126 0 1
127 0 -1
131 0 1
134 0 -1
137 0 -1
142 0 -1
143 0 -1
152 0 -1
157 0 1
182 0 1
184 0 -1
191 0 -1
195 0 -1
0 -1 0
5 -1 0
16 1 0
38 -1 0
56 -1 0
70 -1 0
85 -1 0
90 1 0
105 -1 0
107 1 0
114 -1 0
120 -1 0
134 1 0
144 -1 0
148 1 0
174 -1 0
175 1 0
200 -1 0
210 1 0
225 1 0
229 1 0
230 1 0
231 1 0
241 1 0
250 -1 0
255 -1 0
266 -1 0
288 1 0
289 -1 0
301 -1 0
308 1 0
313 -1 0
322 -1 0
335 1 0
349 -1 0
368 -1 0
376 -1 0
388 1 0
400 1 0
403 -1 0
408 1 0
415 1 0
426 1 0
440 -1 0
447 1 0
448 1 0
455 -1 0
463 -1 0
467 -1 0
468 1 0
472 1 0
477 1 0
484 -1 0
499 -1 0
502 1 0
520 1 0
532 1 0
534 -1 0
535 1 0
539 1 0
540 -1 0
542 1 0
556 -1 0
574 1 0
582 -1 0
595 1 0
603 1 0
611 -1 0
618 -1 0
640 -1 0
647 1 0
661 1 0
670 1 0
694 -1 0
696 -1 0
700 1 0
725 1 0
726 -1 0
743 1 0
746 1 0
752 1 0
772 1 0
779 -1 0
785 1 0
786 -1 0
798 1 0
806 -1 0
816 1 0
826 1 0
835 -1 0
836 -1 0
837 -1 0
852 1 0
853 -1 0
860 -1 0
868 1 0
876 1 0
883 -1 0
885 1 0
896 -1 0
898 -1 0
900 -1 0
948 -1 0
949 1 0
955 -1 0
970 1 0
984 1 0
998 -1 0
1003 -1 0
1017 1 0
1024 -1 0
1026 1 0
1044 1 0
1053 -1 0
1095 1 0
1111 -1 0
1115 -1 0
1119 1 0
1126 -1 0
1163 1 0
1167 1 0
1185 -1 0
1205 -1 0
1207 1 0
1216 1 0
1223 1 0
1225 1 0
1245 -1 0
1271 1 0
1279 1 0
1290 1 0
1311 -1 0
1316 1 0
1319 1 0
1333 -1 0
1339 1 0
1355 -1 0
1357 -1 0
1391 1 0
1410 -1 0
1418 -1 0
1444 1 0
1459 1 0
1460 1 0
1477 1 0
1490 1 0
1511 1 0
1516 -1 0
1524 1 0
1525 -1 0
1532 -1 0
1542 1 0
1546 1 0
1550 1 0
1555 -1 0
1562 -1 0
1564 1 0
1570 1 0
1584 1 0
1585 1 0
1611 1 0
1626 -1 0
1635 1 0
1638 1 0
1643 1 0
1647 -1 0
1660 -1 0
1666 1 0
1675 -1 0
1676 -1 0
1677 -1 0
1694 1 0
1697 -1 0
1704 1 0
1712 1 0
1740 1 0
