1747 189
 0 -1
11 0 1
16 0 -1
19 0 1
32 0 1
43 0 -1
51 0 1
52 0 1
55 0 1
70 0 -1
82 0 1
85 0 1
91 0 -1
94 0 -1
99 0 -1
120 0 -1
142 0 1
144 0 -1
146 0 1
147 0 -1
158 0 1
159 0 1
166 0 -1
0 1 0
15 1 0
17 -1 0
34 1 0
42 -1 0
49 -1 0
59 1 0
61 -1 0
75 1 0
82 1 0
83 -1 0
100 -1 0
103 -1 0
118 1 0
120 -1 0
144 1 0
155 -1 0
164 1 0
177 -1 0
194 -1 0
215 -1 0
220 -1 0
236 1 0
277 1 0
281 -1 0
288 1 0
302 1 0
311 1 0
315 1 0
324 1 0
350 1 0
353 1 0
368 -1 0
383 1 0
384 -1 0
389 -1 0
391 1 0
397 -1 0
400 1 0
419 1 0
447 1 0
449 1 0
457 -1 0
464 -1 0
470 -1 0
477 -1 0
488 -1 0
490 1 0
499 -1 0
505 1 0
532 -1 0
540 1 0
546 1 0
563 -1 0
578 1 0
594 -1 0
596 -1 0
602 1 0
606 -1 0
609 1 0
614 -1 0
615 -1 0
619 -1 0
622 1 0
630 -1 0
641 -1 0
645 1 0
660 -1 0
671 -1 0
680 1 0
684 -1 0
687 -1 0
688 -1 0
710 -1 0
727 1 0
735 1 0
758 1 0
770 -1 0
773 -1 0
774 -1 0
783 1 0
804 -1 0
808 1 0
811 1 0
825 1 0
839 -1 0
841 1 0
849 -1 0
883 1 0
888 1 0
898 1 0
903 1 0
917 1 0
925 -1 0
941 1 0
943 1 0
949 1 0
968 1 0
987 -1 0
997 1 0
1004 1 0
1011 1 0
1045 1 0
1055 -1 0
1065 1 0
1084 1 0
1085 1 0
1091 -1 0
1092 -1 0
1112 -1 0
1118 -1 0
1121 1 0
1123 -1 0
1145 1 0
1146 1 0
1164 1 0
1179 1 0
1185 1 0
1204 -1 0
1205 1 0
1208 -1 0
1220 -1 0
1221 1 0
1222 1 0
1232 1 0
1234 -1 0
1236 -1 0
1239 -1 0
1245 1 0
1268 -1 0
1274 -1 0
1276 -1 0
1285 1 0
1292 1 0
1293 -1 0
1326 1 0
1358 1 0
1362 -1 0
1373 -1 0
1379 1 0
1396 -1 0
1398 1 0
1400 -1 0
1423 -1 0
1447 1 0
1469 -1 0
1511 1 0
1512 1 0
1529 1 0
1540 -1 0
1552 -1 0
1553 -1 0
1555 -1 0
1573 1 0
1596 -1 0
1612 1 0
1656 1 0
1663 1 0
1682 -1 0
1684 1 0
1686 1 0
1695 -1 0
1714 1 0
1721 1 0
1736 -1 0
1744 1 0
